128 176
129 177
130 178
131 179
132 180
133 181
134 182
135 183
136 184
137 185
138 186
139 187
140 188
141 189
142 190
143 191
144 192
145 193
146 194
147 195
148 196
149 197
150 198
151 199
152 200
153 201
154 202
155 203
156 204
157 205
158 206
159 207
160 208
161 209
162 210
163 211
164 212
165 213
166 214
167 215
168 216
169 217
170 218
171 219
172 220
173 221
174 222
175 223
176 32
177 32
178 32
179 124
180 32
181 32
182 32
183 32
184 32
185 32
186 32
187 32
188 32
189 32
190 32
191 32
192 32
193 32
194 32
195 32
196 45
197 32
198 32
199 32
200 32
201 32
202 32
203 32
204 32
205 32
206 32
207 32
208 32
209 32
210 32
211 32
212 32
213 32
214 32
215 32
216 32
217 32
218 32
219 32
220 32
221 32
222 32
223 32
