128 192
129 193
130 194
131 195
132 196
133 197
134 198
135 199
136 200
137 201
138 202
139 203
140 204
141 205
142 206
143 207
144 208
145 209
146 210
147 211
148 212
149 213
150 214
151 215
152 216
153 217
154 218
155 219
156 220
157 221
158 222
159 223
160 224
161 225
162 226
163 227
164 228
165 229
166 230
167 231
168 232
169 233
170 234
171 235
172 236
173 237
174 238
175 239
224 240
225 241
226 242
227 243
228 244
229 245
230 246
231 247
232 248
233 249
234 250
235 251
236 252
237 253
238 254
239 255
