128 225
129 226
130 247
131 231
132 228
133 229
134 246
135 250
136 233
137 234
138 235
139 179
140 180
141 238
142 239
143 240
144 242
145 185
146 186
147 187
148 188
149 232
150 227
151 191
152 192
153 193
154 255
155 249
156 196
157 252
158 224
159 241
160 200
161 201
162 202
163 199
164 204
165 205
166 214
167 218
168 201
169 202
170 203
171 204
172 205
173 206
174 207
175 208
176 136
177 217
178 218
179 139
180 140
181 141
182 142
183 143
184 144
185 145
186 146
187 147
188 148
189 149
190 150
191 151
192 238
193 160
194 161
195 230
196 164
197 165
198 228
199 163
200 229
201 168
202 169
203 170
204 171
205 172
206 173
207 174
208 175
209 239
210 224
211 225
212 226
213 227
214 166
215 162
216 236
217 235
218 167
219 232
220 237
221 233
222 231
223 234
224 158
225 128
226 129
227 150
228 132
229 133
230 148
231 131
232 149
233 136
234 137
235 138
236 139
237 140
238 141
239 142
240 143
241 159
242 144
243 145
244 146
245 147
246 134
247 130
248 156
249 155
250 135
251 152
252 157
253 153
254 151
255 154
