176 192
177 193
178 194
179 195
180 196
181 197
182 198
183 199
184 200
185 201
186 202
187 203
188 204
189 205
190 206
191 207
192 208
193 209
194 210
195 211
196 212
197 213
198 214
199 215
200 216
201 217
202 218
203 219
204 220
205 221
206 222
207 223
208 224
209 225
210 226
211 227
212 228
213 229
214 230
215 231
216 232
217 233
218 234
219 235
220 236
221 237
222 238
223 239
224 240
225 241
226 242
227 243
228 244
229 245
230 246
231 247
232 248
233 249
234 250
235 251
236 252
237 253
238 254
239 255
